x[0] = 1.040316671008360880982e+02
x[1] = 3.866314707945113616702e+01
x[2] = -2.767711828043691738716e+01
x[3] = -6.652156275774350307345e+01