x[0] = 1.905595105984917218898e+00
x[1] = -3.939015588108348311230e+00
x[2] = -2.934539430872446282711e+00
x[3] = -9.070458549489637679994e-01
x[4] = -1.510706726640725128187e+00