x[0] = [3.7490253775147151E-1, 3.8905355143076830E-1],	 width = 1.4e-02
x[1] = [8.5172625194001922E-1, 9.0382598512949646E-1],	 width = 5.2e-02